25
3 20
3 2 2
1 0
1 1 3
3 2 2 1
1 2 1 3
1 0
1 2 3 2
1 3 3 1 1
1 1 2
3 2 1 2
2 1 3
2 2 1 3
1 1 1
1 2 3 1
2 2 1 3
3 3 3 1 3
3 1 2
1 1 3
1 1 1
1 1 3
2 1 3
20 15
2 4 1 1 1 2 4 1 2 3 5 5 4 4 5 4 5 4 3 4
5 2 4 5
2 2 2 2
4 2 1 5
1 1 5
3 2 3 5
2 0
1 1 5
3 0
4 2 2 1
5 0
1 2 4 1
5 0
5 4 1 4 1 3
3 1 2
3 1 5
2 10
4 6
4 1 6
1 2 1 2
1 1 5
6 3 3 4 2
5 4 4 4 3 4
6 2 5 3
5 0
5 1 5
3 5 3 5 3 6 1
2 2 5 2
1 1
2
1 1 1
10 20
1 2 3 4 5 6 7 8 9 10
4 1 4
10 0
3 0
4 0
8 1 8
5 0
3 1 3
5 1 5
6 1 6
9 0
2 1 2
7 0
1 1 1
9 1 9
6 0
7 1 7
8 0
1 0
10 1 10
2 0
1 4
1
1 0
1 2 1 3
2 0
3 1 2
3 3
1 1 1
1 0
1 0
1 0
2 15
2 1
2 2 2 2
3 1 3
2 2 3 3
2 0
3 0
2 1 3
2 2 3 3
2 0
2 2 3 2
3 5 2 3 1 1 2
3 2 1 3
1 2 2 3
1 2 1 2
3 1 3
2 1 3
1 2
2
2 0
2 1 2
1 1
2
2 0
3 15
3 1 1
2 2 2 3
3 0
1 0
2 0
2 3 3 2 1
2 0
3 0
2 1 2
3 1 3
1 3 1 3 3
3 1 2
3 0
1 0
2 2 3 2
3 1 1
1 1
2
2 3 1 2 3
1 1
2
1 3 1 2 3
3 19
1 1 1
1 0
1 0
1 0
1 0
1 0
1 0
1 1 1
1 1 1
1 1 1
1 1 1
1 1 1
1 1 1
1 1 1
1 1 1
1 1 1
1 2 1 1
1 2 1 1
1 2 1 1
1 2 1 1
3 20
3 1 3
3 3 1 1 3
1 3 2 2 1
3 2 1 3
2 1 2
3 0
2 1 2
2 1 1
2 1 1
2 1 1
2 2 2 2
3 2 3 2
3 1 2
1 1 1
3 2 3 2
1 0
3 3 1 1 1
1 1 1
1 1 2
3 1 1
1 0
1 20
4
4 3 3 3 3
1 0
4 3 2 3 4
4 0
2 0
3 0
4 1 2
4 1 3
2 1 3
3 1 4
4 6 1 4 1 3 1 4
2 2 4 4
1 2 2 1
2 1 2
4 1 4
4 2 1 3
3 2 1 3
3 1 2
1 2 1 2
2 0
3 5
2 2 2
1 0
1 1 1
1 5 2 2 2 1 1
2 0
1 0
2 20
3 3
3 0
3 0
4 0
3 0
1 0
4 1 3
2 0
2 1 2
4 1 4
3 1 2
2 0
4 1 1
4 6 2 1 2 1 2 3
3 3 3 2 1
1 1 2
3 1 4
4 3 4 3 4
1 1 4
4 0
3 3 4 1 4
2 9
13 13
13 1 13
13 0
13 1 13
13 0
13 2 13 13
13 1 13
13 1 13
13 0
13 1 13
2 20
18 4
1 2 7 7
10 4 15 20 16 8
5 3 16 8 6
2 1 13
17 1 1
4 2 20 12
3 1 5
19 1 2
13 2 20 14
14 2 12 8
7 2 5 9
6 2 6 17
12 2 3 20
9 2 11 19
16 1 11
20 1 15
8 2 8 10
15 2 14 16
11 2 3 18
18 3 4 2 3
2 20
7 3
16 1 13
2 1 16
17 2 2 2
14 1 17
13 1 14
7 2 11 13
6 1 7
18 2 12 6
20 2 18 18
12 3 4 5 20
9 1 12
8 1 9
11 1 8
1 1 11
19 1 1
4 1 19
15 1 4
10 2 6 15
5 1 10
3 2 7 5
23 5
2 1 1 2 4 3 3 2 4 1 2 3 4 4 2 4 3 1 1 2 2 4 3
3 2 4 3
2 0
2 2 2 1
1 1 4
3 1 1
3 20
1 2 3
2 0
2 1 3
1 1 3
3 2 1 3
3 2 1 3
2 2 2 1
1 0
2 1 3
3 0
1 0
3 2 3 1
3 0
1 0
3 1 3
2 2 2 1
3 2 2 2
1 1 1
3 1 2
2 1 3
2 2 2 1
3 10
2 2 1
2 2 1 1
2 3 1 1 1
2 1 2
1 0
2 2 1 1
2 2 1 2
1 2 1 2
2 1 2
2 0
2 1 2
2 13
2 2
2 1 2
2 1 2
2 3 2 2 2
2 1 2
2 0
2 0
2 2 2 2
2 1 2
2 0
2 0
2 0
2 1 2
2 0
